                                                                                                                                            October 2025
                                                               Unit Identifier
  NI Transmission-Connected Generation Station                                                 Connected at       00:00:00     07:00:00
                                                                                                                  06:59:59     07:59:59
                                                        SO                 MO                                      CLAF1        CLAF2
Ballylumford                                      BGT1                GU_500283     Ballylumford 110kV                 0.982        0.993
Ballylumford                                      BGT2                GU_500284     Ballylumford 110kV                 0.982        0.993
Ballylumford                                      B10                 GU_503740     Ballylumford 110kV                 0.982        0.993
Ballylumford Combined                             B31 B32             GU_503720/730 Ballylumford 275kV                 0.985        0.996
Coolkeeragh                                       C30                 GU_500040     Coolkeeragh 275kV                  0.982        0.993
Coolkeeragh                                       CGT8                GU_500041     Coolkeeragh 110kV                  0.978        0.989
Kilroot                                           NIGT6               GU_504110     Kilroot 275kV                      0.986        0.997
Kilroot                                           NIGT7               GU_504120     Kilroot 275kV                      0.986        0.997
Kilroot                                           KGT1                GU_500824     Kilroot 275kV                      0.986        0.997
Kilroot                                           KGT2                GU_500825     Kilroot 275kV                      0.986        0.997
Kilroot                                           KGT3                GU_500820     Kilroot 275kV                      0.986        0.997
Kilroot                                           KGT4                GU_500821     Kilroot 275kV                      0.986        0.997
Slieve Kirk                                       SLK                 GU_501160     Slieve Kirk 110kV                  0.975        0.986
Brockaghboy                                       BKY                 GU_501670     Brockaghboy 110kV                  0.967        0.980
Moyle (Auchencrosh)*                              M                   I_NIMOYLE     Auchencrosh 275 kV                 0.976        0.976
Drumkee Battery Storage                           NIDK1               GU_503950     Tamnamore 110kV                    0.986        0.997
Mullavilly Battery Storage                        NIMZ1               GU_503960     Tandragee 110kV                    0.990        1.001
Castlereagh Battery                               NICSB               GU_503350     Castlereagh 110kV                  0.990        1.003
Kells Battery                                     NIKEB               GU_503980     Kells 110kV                        0.985        0.997



                                                                                                                                            October 2025
                                                               Unit Identifier
   NI Distribution-Connected Generation Station                                           Connected/Embedded at   00:00:00     07:00:00
                                                                                                                  06:59:59     07:59:59
                                                          SO               MO                                      CLAF1        CLAF2
Altahullion (1)                                   ALT                 GU_504060      Limavady 110kV                    0.976        0.990
Altahullion (2)                                   AL2                 GU_504160      Limavady 110kV                    0.970        0.984
Callagheen                                        CAL                 GU_500020      Enniskillen 110kV                 0.980        0.995
Crockagarran                                      CRO                 GU_501050      Dungannon 110kV                   0.977        0.989
Hunter's Hill                                     HUN                 GU_501040      Omagh 110kV                       0.966        0.979
Lendrums Bridge (1)                               LEN                 GU_504070      Omagh 110kV                       0.973        0.986
Lendrums Bridge (2)                               LEN1                GU_504050      Omagh 110kV                       0.978        0.991
Slieve Rushen 2                                   NISL2               GU_503900      Aghyoule 110kV                    0.974        0.990
Gortmullan Energy Limited (Snugborough)           SNU                 GU_504230      Aghyoule 110kV                    0.979        0.995
Tappaghan                                         TAP                 GU_500010      Omagh 110kV                       0.957        0.970
Slieve Divena                                     SD1                 GU_500740      Omagh 110kV                       0.965        0.978
Garves                                            GAR                 GU_500720      Coleraine 110kV                   0.964        0.978
Gruig                                             GRU                 GU_504240      Coleraine 110kV                   0.956        0.969
Screggagh                                         SCR                 GU_503850      Omagh 110kV                       0.967        0.980
Curryfree                                         CUR                 GU_501150      Lisaghmore 110kV                  0.973        0.984
Crighshane                                        CRI                 GU_503830      Magherakeel 110kV                 0.967        0.980
Church Hill                                       CHU                 GU_503840      Magherakeel 110kV                 0.969        0.982
Carrickatane                                      CKT                 GU_501190      Killymallaght 110kV               0.974        0.986
Carn Hill                                         CNH                 GU_501210      Carnmoney 110kV                   0.985        0.998
Dunmore                                           DMR                 GU_501250      Coleraine 110kV                   0.969        0.983
Dunbeg                                            DBG                 GU_503920      Coleraine 110kV                   0.971        0.985
Thornog                                           TNG                 GU_503820      Magherakeel 110kV                 0.957        0.970
Molly Mountain                                    MYM                 GU_503860      Aghyoule 110kV                    0.975        0.991
Monnaboy                                          MBY                 GU_501360      Coolkeeragh 110kV                 0.974        0.985
Seegronan                                         SRN                 GU_503780      Magherakeel 110kV                 0.969        0.982
Cloonty                                           CNY                 GU_501390      Loguestown 110kV                  0.972        0.987
Tievenameenta                                     TMA                 GU_501500      Magherakeel 110kV                 0.969        0.982
Ora More                                          ORA                 GU_501520      Enniskillen 110kV                 0.966        0.981
Eglish                                            EGL                 GU_501440      Killymallaght 110kV               0.969        0.981
Long Mountain                                     LMT                 GU_503810      Rasharkin 110kV                   0.969        0.982
Cregganconroe                                     CNR                 GU_503940      Tremoge 110kV                     0.980        0.992
Gortfinbar                                        GFB                 GU_503800      Tremoge 110kV                     0.974        0.986
Corby Knowe                                       CBY                 GU_501410      Antrim 110kV                      0.986        0.998
Slieve Divena 2                                   SV1                 GU_501550      Gort 110kV                        0.975        0.987
Altamuskin                                        AKN                 GU_503790      Gort 110kV                        0.977        0.989
Inishative                                        INT                 GU_503930      Tremoge 110kV                     0.976        0.988
Crockandun                                        CDN                 GU_501710      Tremoge 110kV                     0.961        0.973
Shantavny Scotch                                  STS                 GU_501700      Gort 110kV                        0.978        0.990
Altaveedan                                        AVN                 GU_501620      Rasharkin 110kV                   0.953        0.965
Crockdun                                          CKD                 GU_501430      Tremoge 110kV                     0.976        0.988
Rathsherry                                                      RHY                   GU_501680     Ballymena 110kV                     0.981   0.993
Elginny Hill                                                    EGH                   GU_501720     Ballymena 110kV                     0.982   0.994
Cornavarrow                                                     CNV                   GU_501750     Curraghamulkin 110kV                0.975   0.989
Castlecraig                                                     CCG                   GU_501730     Curraghamulkin 110kV                0.971   0.985
Teiges                                                          TGS                   GU_501740     Gort 110kV                          0.963   0.975
Craiggore                                                       NICGR                 GU_504030     Garvagh 110kV                       0.962   0.976
Evishagaran                                                     NIEVG                 GU_504040     Garvagh 110kV                       0.964   0.978
Rasharkin PV (Bann Road PV)                                     BNP                   GU_501630     Rasharkin 110kV                     0.971   0.984
Lough Road PV                                                   LRP                   GU_504090     Lisburn 110kV                       0.988   1.000
Ballinderry Road PV                                             NIBDP                 GU_501660     Lisburn 110kV                       0.990   1.002
Maghaberry Road PV                                              MRP                   GU_503400     Lisburn 110kV                       0.989   1.001
Lisahally Power Station                                         LPS                   GU_501350     Coolkeeragh 110kV                   0.976   0.987
Ballykeel                                                       NIBKL                 GU_504200     Larne 110kV                         0.981   0.993
Murley Mountain                                                 NIMUR                 GU_504260     Gort 110kV                          0.980   0.992
Ballydown BESS                                                  NIBLD                 GU_504250     Tandragee 110kV                     0.990   1.001
Carnmeen                                                        CMN                   GU_504340     Tandragee 110kV                     0.990   1.001
Corlacky                                                        NICKY                 GU_504350     Garvagh 110kV                       0.967   0.981
Contour Global APTG                                             NICG2                 GU_500900     Lisburn 110kV                       0.990   1.002
Contour Global AGU                                              CGA                   GU_500904     Lisburn 110kV                       0.990   1.002
Empower AGU                                                     EMP                   GU_501230     N/A                                 0.996   1.008
iPower Solutions Limited                                        AGU                   GU_501130     N/A                                 1.024   1.036


1) Moyle TLAFs have been calculated using the I-SEM methodology for the full 2025-26 tariff year.



 Changes between previous versions of this spread
             sheet are highlighted.


Calculation of CLAF using CLAF Interval Definition Table

CLAF must be calculated for each Trading Period in the day, for all days in the Year for every Unit, based on TLAF and DLAF values.
In any settlement day, there are 5 possible CLAF Interval periods. The CLAF Calculation must take into account the following transitions:

TLAF
        ·      Day-time is from 7.00 a.m. to 10.00 p.m summer and winter.
        ·      The night period cover the remaining hours.
DLAF
        ·      Day-time is from 8.00 a.m. to 11.00 p.m summer and winter.
        ·      The night period cover the remaining hours.

The CLAF Interval Definition table is configurable to allow the transition times to be amended or aligned in the future.

Interval-based CLAF Calculations:
CLAF1 = TLAF (night) * DLAF (night)
CLAF2 = TLAF (day) * DLAF (night)
CLAF3 = TLAF (day) * DLAF (day)
CLAF4 = TLAF (night) * DLAF (day)
CLAF5 = TLAF (night) * DLAF (night)
October 2025                                                    November 2025                                                  December 2025
  08:00:00     22:00:00     23:00:00     00:00:00     07:00:00     08:00:00   22:00:00     23:00:00     00:00:00     07:00:00     08:00:00
  21:59:59     22:59:59     23:59:59     06:59:59     07:59:59     21:59:59   22:59:59     23:59:59     06:59:59     07:59:59     21:59:59
   CLAF3        CLAF4        CLAF5        CLAF1        CLAF2        CLAF3      CLAF4        CLAF5        CLAF1        CLAF2        CLAF3
       0.993        0.982        0.982        0.988        0.995        0.995      0.988        0.988        0.990        0.998        0.998
       0.993        0.982        0.982        0.988        0.995        0.995      0.988        0.988        0.990        0.998        0.998
       0.993        0.982        0.982        0.988        0.995        0.995      0.988        0.988        0.990        0.998        0.998
       0.996        0.985        0.985        0.990        0.998        0.998      0.990        0.990        0.992        1.001        1.001
       0.993        0.982        0.982        0.985        0.993        0.993      0.985        0.985        0.987        0.996        0.996
       0.989        0.978        0.978        0.980        0.988        0.988      0.980        0.980        0.982        0.991        0.991
       0.997        0.986        0.986        0.992        0.999        0.999      0.992        0.992        0.994        1.002        1.002
       0.997        0.986        0.986        0.992        0.999        0.999      0.992        0.992        0.994        1.002        1.002
       0.997        0.986        0.986        0.992        0.999        0.999      0.992        0.992        0.994        1.002        1.002
       0.997        0.986        0.986        0.992        0.999        0.999      0.992        0.992        0.994        1.002        1.002
       0.997        0.986        0.986        0.992        0.999        0.999      0.992        0.992        0.994        1.002        1.002
       0.997        0.986        0.986        0.992        0.999        0.999      0.992        0.992        0.994        1.002        1.002
       0.986        0.975        0.975        0.976        0.985        0.985      0.976        0.976        0.979        0.988        0.988
       0.980        0.967        0.967        0.971        0.982        0.982      0.971        0.971        0.973        0.985        0.985
       0.976        0.976        0.976        0.976        0.976        0.976      0.976        0.976        0.976        0.976        0.976
       0.997        0.986        0.986        0.991        0.998        0.998      0.991        0.991        0.992        1.001        1.001
       1.001        0.990        0.990        0.995        1.002        1.002      0.995        0.995        0.997        1.005        1.005
       1.003        0.990        0.990        0.996        1.005        1.005      0.996        0.996        0.998        1.008        1.008
       0.997        0.985        0.985        0.991        0.999        0.999      0.991        0.991        0.993        1.002        1.002



October 2025                                                    November 2025                                                  December 2025
  08:00:00     22:00:00     23:00:00     00:00:00     07:00:00     08:00:00   22:00:00     23:00:00     00:00:00     07:00:00     08:00:00
  21:59:59     22:59:59     23:59:59     06:59:59     07:59:59     21:59:59   22:59:59     23:59:59     06:59:59     07:59:59     21:59:59
   CLAF3        CLAF4        CLAF5        CLAF1        CLAF2        CLAF3      CLAF4        CLAF5        CLAF1        CLAF2        CLAF3
       0.990        0.976        0.976        0.978        0.990        0.990      0.978        0.978        0.982        0.993        0.993
       0.982        0.968        0.970        0.972        0.984        0.982      0.970        0.972        0.976        0.987        0.985
       0.995        0.980        0.980        0.984        0.996        0.996      0.984        0.984        0.986        0.998        0.998
       0.985        0.973        0.977        0.982        0.990        0.986      0.978        0.982        0.984        0.992        0.988
       0.975        0.962        0.966        0.970        0.980        0.976      0.966        0.970        0.972        0.983        0.979
       0.986        0.973        0.973        0.977        0.987        0.987      0.977        0.977        0.979        0.990        0.990
       0.991        0.978        0.978        0.982        0.992        0.992      0.982        0.982        0.984        0.995        0.995
       0.990        0.974        0.974        0.977        0.991        0.991      0.977        0.977        0.980        0.993        0.993
       0.995        0.979        0.979        0.982        0.996        0.996      0.982        0.982        0.985        0.998        0.998
       0.965        0.953        0.957        0.961        0.971        0.966      0.956        0.961        0.963        0.974        0.969
       0.975        0.962        0.965        0.969        0.979        0.976      0.966        0.969        0.971        0.982        0.979
       0.975        0.961        0.964        0.967        0.979        0.976      0.964        0.967        0.970        0.982        0.979
       0.963        0.950        0.956        0.958        0.970        0.964      0.953        0.958        0.961        0.973        0.967
       0.976        0.963        0.967        0.971        0.981        0.977      0.967        0.971        0.973        0.984        0.980
       0.983        0.972        0.973        0.974        0.983        0.982      0.973        0.974        0.977        0.986        0.985
       0.980        0.967        0.967        0.971        0.981        0.981      0.971        0.971        0.973        0.983        0.983
       0.982        0.969        0.969        0.973        0.983        0.983      0.973        0.973        0.975        0.985        0.985
       0.986        0.974        0.974        0.976        0.985        0.985      0.976        0.976        0.978        0.988        0.988
       0.997        0.984        0.985        0.991        1.000        0.999      0.990        0.991        0.993        1.003        1.002
       0.981        0.967        0.969        0.972        0.984        0.982      0.970        0.972        0.975        0.987        0.985
       0.984        0.970        0.971        0.974        0.986        0.985      0.973        0.974        0.977        0.989        0.988
       0.966        0.954        0.957        0.961        0.971        0.967      0.957        0.961        0.963        0.973        0.969
       0.991        0.975        0.975        0.978        0.992        0.992      0.978        0.978        0.981        0.994        0.994
       0.984        0.973        0.974        0.976        0.984        0.983      0.975        0.976        0.978        0.987        0.986
       0.981        0.968        0.969        0.973        0.983        0.982      0.972        0.973        0.975        0.985        0.984
       0.986        0.971        0.972        0.975        0.988        0.987      0.974        0.975        0.978        0.991        0.990
       0.982        0.969        0.969        0.973        0.983        0.983      0.973        0.973        0.975        0.985        0.985
       0.978        0.963        0.966        0.970        0.982        0.979      0.967        0.970        0.972        0.984        0.981
       0.979        0.967        0.969        0.971        0.980        0.978      0.969        0.971        0.973        0.983        0.981
       0.981        0.968        0.969        0.973        0.984        0.983      0.972        0.973        0.975        0.987        0.986
       0.992        0.980        0.980        0.984        0.993        0.993      0.984        0.984        0.986        0.996        0.996
       0.985        0.973        0.974        0.978        0.987        0.986      0.977        0.978        0.980        0.990        0.989
       0.998        0.986        0.986        0.991        1.000        1.000      0.991        0.991        0.993        1.003        1.003
       0.986        0.974        0.975        0.979        0.988        0.987      0.978        0.979        0.981        0.990        0.989
       0.989        0.977        0.977        0.981        0.990        0.990      0.981        0.981        0.983        0.992        0.992
       0.987        0.975        0.976        0.980        0.989        0.988      0.979        0.980        0.982        0.992        0.991
       0.970        0.958        0.961        0.965        0.974        0.971      0.962        0.965        0.967        0.977        0.974
       0.990        0.978        0.978        0.982        0.991        0.991      0.982        0.982        0.984        0.993        0.993
       0.962        0.950        0.953        0.956        0.967        0.964      0.954        0.956        0.958        0.970        0.967
       0.987        0.975        0.976        0.980        0.989        0.988      0.979        0.980        0.982        0.992        0.991
0.992   0.980   0.981   0.987   0.995   0.994   0.986   0.987   0.989   0.998   0.997
0.993   0.981   0.982   0.988   0.996   0.995   0.987   0.988   0.990   0.999   0.998
0.989   0.975   0.975   0.979   0.990   0.990   0.979   0.979   0.981   0.992   0.992
0.983   0.969   0.971   0.975   0.986   0.984   0.973   0.975   0.977   0.988   0.986
0.973   0.961   0.963   0.967   0.976   0.974   0.965   0.967   0.969   0.978   0.976
0.975   0.961   0.962   0.966   0.977   0.976   0.965   0.966   0.969   0.980   0.980
0.977   0.963   0.964   0.968   0.979   0.978   0.967   0.968   0.971   0.982   0.982
0.984   0.971   0.971   0.975   0.986   0.986   0.975   0.975   0.977   0.989   0.989
0.993   0.981   0.988   0.994   1.002   0.995   0.987   0.994   0.996   1.005   0.998
1.000   0.988   0.990   0.996   1.004   1.002   0.994   0.996   0.998   1.007   1.005
0.996   0.984   0.989   0.995   1.003   0.998   0.990   0.995   0.997   1.006   1.001
0.987   0.976   0.976   0.978   0.986   0.986   0.978   0.978   0.980   0.989   0.989
0.992   0.980   0.981   0.987   0.995   0.994   0.986   0.987   0.989   0.998   0.997
0.992   0.980   0.980   0.984   0.993   0.993   0.984   0.984   0.986   0.995   0.995
1.001   0.990   0.990   0.995   1.002   1.002   0.995   0.995   0.997   1.005   1.005
1.001   0.990   0.990   0.995   1.002   1.002   0.995   0.995   0.997   1.005   1.005
0.981   0.967   0.967   0.971   0.982   0.982   0.971   0.971   0.974   0.986   0.986
1.002   0.990   0.990   0.996   1.004   1.004   0.996   0.996   0.998   1.007   1.007
1.002   0.990   0.990   0.996   1.004   1.004   0.996   0.996   0.998   1.007   1.007
1.008   0.996   0.996   1.002   1.010   1.010   1.001   1.002   1.004   1.013   1.013
1.070   1.057   1.024   1.029   1.038   1.072   1.062   1.029   1.031   1.041   1.074




                                                                                    Changes between p
                                                                                                                                          MARKET PARTICIPANTS - NORTHER

cember 2025                                                     January 2026                                                     February 2026
              22:00:00     23:00:00     00:00:00     07:00:00     08:00:00     22:00:00     23:00:00     00:00:00     07:00:00     08:00:00      22:00:00
              22:59:59     23:59:59     06:59:59     07:59:59     21:59:59     22:59:59     23:59:59     06:59:59     07:59:59     21:59:59      22:59:59
               CLAF4        CLAF5        CLAF1        CLAF2        CLAF3        CLAF4        CLAF5        CLAF1        CLAF2         CLAF3        CLAF4
                   0.990        0.990        0.993        0.999        0.999        0.993        0.993        0.992        0.998        0.998         0.992
                   0.990        0.990        0.993        0.999        0.999        0.993        0.993        0.992        0.998        0.998         0.992
                   0.990        0.990        0.993        0.999        0.999        0.993        0.993        0.992        0.998        0.998         0.992
                   0.992        0.992        0.995        1.002        1.002        0.995        0.995        0.995        1.001        1.001         0.995
                   0.987        0.987        0.990        0.997        0.997        0.990        0.990        0.989        0.996        0.996         0.989
                   0.982        0.982        0.985        0.992        0.992        0.985        0.985        0.984        0.991        0.991         0.984
                   0.994        0.994        0.997        1.003        1.003        0.997        0.997        0.996        1.002        1.002         0.996
                   0.994        0.994        0.997        1.003        1.003        0.997        0.997        0.996        1.002        1.002         0.996
                   0.994        0.994        0.997        1.003        1.003        0.997        0.997        0.996        1.002        1.002         0.996
                   0.994        0.994        0.997        1.003        1.003        0.997        0.997        0.996        1.002        1.002         0.996
                   0.994        0.994        0.997        1.003        1.003        0.997        0.997        0.996        1.002        1.002         0.996
                   0.994        0.994        0.997        1.003        1.003        0.997        0.997        0.996        1.002        1.002         0.996
                   0.979        0.979        0.982        0.990        0.990        0.982        0.982        0.981        0.988        0.988         0.981
                   0.973        0.973        0.976        0.987        0.987        0.976        0.976        0.975        0.985        0.985         0.975
                   0.976        0.976        0.976        0.976        0.976        0.976        0.976        0.976        0.976        0.976         0.976
                   0.992        0.992        0.995        1.002        1.002        0.995        0.995        0.995        1.001        1.001         0.995
                   0.997        0.997        1.000        1.006        1.006        1.000        1.000        0.999        1.005        1.005         0.999
                   0.998        0.998        1.002        1.009        1.009        1.002        1.002        1.001        1.008        1.008         1.001
                   0.993        0.993        0.996        1.003        1.003        0.996        0.996        0.995        1.002        1.002         0.995



cember 2025                                                     January 2026                                                     February 2026
              22:00:00     23:00:00     00:00:00     07:00:00     08:00:00     22:00:00     23:00:00     00:00:00     07:00:00     08:00:00      22:00:00
              22:59:59     23:59:59     06:59:59     07:59:59     21:59:59     22:59:59     23:59:59     06:59:59     07:59:59     21:59:59      22:59:59
               CLAF4        CLAF5        CLAF1        CLAF2        CLAF3        CLAF4        CLAF5        CLAF1        CLAF2         CLAF3        CLAF4
                   0.982        0.982        0.985        0.995        0.995        0.985        0.985        0.984        0.993        0.993         0.984
                   0.974        0.976        0.979        0.989        0.987        0.977        0.979        0.978        0.987        0.985         0.976
                   0.986        0.986        0.990        1.001        1.001        0.990        0.990        0.989        0.999        0.999         0.989
                   0.980        0.984        0.987        0.994        0.990        0.983        0.987        0.986        0.993        0.989         0.982
                   0.968        0.972        0.975        0.985        0.981        0.971        0.975        0.975        0.983        0.979         0.971
                   0.979        0.979        0.982        0.992        0.992        0.982        0.982        0.982        0.990        0.990         0.982
                   0.984        0.984        0.987        0.997        0.997        0.987        0.987        0.987        0.995        0.995         0.987
                   0.980        0.980        0.984        0.996        0.996        0.984        0.984        0.983        0.994        0.994         0.983
                   0.985        0.985        0.989        1.001        1.001        0.989        0.989        0.988        0.999        0.999         0.988
                   0.958        0.963        0.966        0.976        0.971        0.961        0.966        0.966        0.974        0.969         0.961
                   0.968        0.971        0.974        0.984        0.981        0.971        0.974        0.974        0.982        0.979         0.971
                   0.967        0.970        0.973        0.985        0.982        0.970        0.973        0.972        0.982        0.979         0.969
                   0.955        0.961        0.964        0.976        0.970        0.958        0.964        0.963        0.973        0.967         0.957
                   0.969        0.973        0.976        0.986        0.982        0.972        0.976        0.976        0.984        0.980         0.972
                   0.976        0.977        0.979        0.988        0.987        0.978        0.979        0.979        0.986        0.985         0.978
                   0.973        0.973        0.976        0.985        0.985        0.976        0.976        0.975        0.984        0.984         0.975
                   0.975        0.975        0.978        0.987        0.987        0.978        0.978        0.977        0.986        0.986         0.977
                   0.978        0.978        0.981        0.990        0.990        0.981        0.981        0.980        0.988        0.988         0.980
                   0.992        0.993        0.997        1.005        1.004        0.996        0.997        0.996        1.003        1.002         0.995
                   0.973        0.975        0.978        0.990        0.988        0.976        0.978        0.977        0.987        0.985         0.975
                   0.976        0.977        0.980        0.992        0.991        0.979        0.980        0.979        0.989        0.988         0.978
                   0.959        0.963        0.966        0.975        0.971        0.962        0.966        0.965        0.974        0.970         0.961
                   0.981        0.981        0.985        0.997        0.997        0.985        0.985        0.984        0.995        0.995         0.984
                   0.977        0.978        0.981        0.988        0.987        0.980        0.981        0.980        0.987        0.986         0.979
                   0.974        0.975        0.978        0.987        0.986        0.977        0.978        0.977        0.986        0.985         0.976
                   0.977        0.978        0.982        0.994        0.993        0.981        0.982        0.981        0.991        0.990         0.980
                   0.975        0.975        0.978        0.987        0.987        0.978        0.978        0.977        0.986        0.986         0.977
                   0.969        0.972        0.976        0.987        0.984        0.973        0.976        0.975        0.985        0.982         0.972
                   0.971        0.973        0.976        0.985        0.983        0.974        0.976        0.975        0.983        0.981         0.973
                   0.974        0.975        0.979        0.989        0.988        0.978        0.979        0.978        0.987        0.986         0.977
                   0.986        0.986        0.989        0.998        0.998        0.989        0.989        0.989        0.996        0.996         0.989
                   0.979        0.980        0.983        0.992        0.991        0.982        0.983        0.983        0.990        0.989         0.982
                   0.993        0.993        0.997        1.004        1.004        0.997        0.997        0.996        1.003        1.003         0.996
                   0.980        0.981        0.984        0.992        0.991        0.983        0.984        0.983        0.991        0.990         0.982
                   0.983        0.983        0.986        0.994        0.994        0.986        0.986        0.985        0.993        0.993         0.985
                   0.981        0.982        0.985        0.994        0.993        0.984        0.985        0.985        0.992        0.991         0.984
                   0.964        0.967        0.970        0.979        0.976        0.967        0.970        0.970        0.977        0.974         0.967
                   0.984        0.984        0.987        0.995        0.995        0.987        0.987        0.986        0.994        0.994         0.986
                   0.956        0.958        0.962        0.972        0.969        0.959        0.962        0.961        0.970        0.967         0.958
                   0.981        0.982        0.985        0.994        0.993        0.984        0.985        0.985        0.992        0.991         0.984
         0.988         0.989         0.992         1.000        0.999     0.991   0.992   0.991   0.999   0.998   0.990
         0.989         0.990         0.993         1.001        1.000     0.992   0.993   0.992   1.000   0.999   0.991
         0.981         0.981         0.984         0.994        0.994     0.984   0.984   0.984   0.993   0.993   0.984
         0.975         0.977         0.980         0.990        0.988     0.978   0.980   0.980   0.989   0.987   0.978
         0.967         0.969         0.972         0.980        0.978     0.970   0.972   0.971   0.979   0.977   0.969
         0.968         0.969         0.972         0.983        0.982     0.971   0.972   0.971   0.980   0.979   0.970
         0.970         0.971         0.974         0.985        0.984     0.973   0.974   0.973   0.982   0.981   0.972
         0.977         0.977         0.981         0.991        0.991     0.981   0.981   0.980   0.989   0.989   0.980
         0.989         0.996         0.999         1.007        1.000     0.992   0.999   0.998   1.005   0.998   0.991
         0.996         0.998         1.001         1.009        1.007     0.999   1.001   1.000   1.007   1.005   0.998
         0.992         0.997         1.000         1.008        1.003     0.995   1.000   0.999   1.006   1.001   0.994
         0.980         0.980         0.983         0.990        0.990     0.983   0.983   0.982   0.989   0.989   0.982
         0.988         0.989         0.993         1.000        0.999     0.992   0.993   0.992   0.998   0.997   0.991
         0.986         0.986         0.989         0.997        0.997     0.989   0.989   0.988   0.996   0.996   0.988
         0.997         0.997         1.000         1.006        1.006     1.000   1.000   0.999   1.005   1.005   0.999
         0.997         0.997         1.000         1.006        1.006     1.000   1.000   0.999   1.005   1.005   0.999
         0.974         0.974         0.977         0.988        0.988     0.977   0.977   0.976   0.985   0.985   0.976
         0.998         0.998         1.001         1.009        1.009     1.001   1.001   1.000   1.007   1.007   1.000
         0.998         0.998         1.001         1.009        1.009     1.001   1.001   1.000   1.007   1.007   1.000
         1.004         1.004         1.007         1.015        1.014     1.007   1.007   1.006   1.013   1.013   1.006
         1.064         1.031         1.034         1.043        1.077     1.068   1.034   1.033   1.041   1.075   1.067




Changes between previous versions of this spread sheet are highlighted.
KET PARTICIPANTS - NORTHERN IRELAND COMBINED LOSS ADJUSTMENT FACTORS 2025-26
                                                                                           Month
                                                 March 2026                                                        April 2026
            23:00:00     00:00:00     07:00:00    08:00:00     22:00:00     23:00:00     00:00:00     07:00:00      08:00:00      22:00:00     23:00:00
            23:59:59     06:59:59     07:59:59    21:59:59     22:59:59     23:59:59     06:59:59     07:59:59      21:59:59      22:59:59     23:59:59
             CLAF5        CLAF1        CLAF2       CLAF3        CLAF4        CLAF5        CLAF1        CLAF2         CLAF3         CLAF4        CLAF5
                 0.992        0.990        0.996       0.996        0.990        0.990        0.981        0.994          0.994        0.981        0.981
                 0.992        0.990        0.996       0.996        0.990        0.990        0.981        0.994          0.994        0.981        0.981
                 0.992        0.990        0.996       0.996        0.990        0.990        0.981        0.994          0.994        0.981        0.981
                 0.995        0.992        0.999       0.999        0.992        0.992        0.984        0.996          0.996        0.984        0.984
                 0.989        0.987        0.994       0.994        0.987        0.987        0.979        0.992          0.992        0.979        0.979
                 0.984        0.983        0.990       0.990        0.983        0.983        0.975        0.988          0.988        0.975        0.975
                 0.996        0.994        1.000       1.000        0.994        0.994        0.986        0.998          0.998        0.986        0.986
                 0.996        0.994        1.000       1.000        0.994        0.994        0.986        0.998          0.998        0.986        0.986
                 0.996        0.994        1.000       1.000        0.994        0.994        0.986        0.998          0.998        0.986        0.986
                 0.996        0.994        1.000       1.000        0.994        0.994        0.986        0.998          0.998        0.986        0.986
                 0.996        0.994        1.000       1.000        0.994        0.994        0.986        0.998          0.998        0.986        0.986
                 0.996        0.994        1.000       1.000        0.994        0.994        0.986        0.998          0.998        0.986        0.986
                 0.981        0.980        0.987       0.987        0.980        0.980        0.972        0.985          0.985        0.972        0.972
                 0.975        0.974        0.983       0.983        0.974        0.974        0.966        0.980          0.980        0.966        0.966
                 0.976        0.976        0.976       0.976        0.976        0.976        0.976        0.976          0.976        0.976        0.976
                 0.995        0.993        1.000       1.000        0.993        0.993        0.985        0.997          0.997        0.985        0.985
                 0.999        0.997        1.003       1.003        0.997        0.997        0.990        1.001          1.001        0.990        0.990
                 1.001        0.998        1.006       1.006        0.998        0.998        0.990        1.004          1.004        0.990        0.990
                 0.995        0.993        1.000       1.000        0.993        0.993        0.985        0.998          0.998        0.985        0.985

                                                                                           Month
                                                 March 2026                                                        April 2026
            23:00:00     00:00:00     07:00:00    08:00:00     22:00:00     23:00:00     00:00:00     07:00:00      08:00:00      22:00:00     23:00:00
            23:59:59     06:59:59     07:59:59    21:59:59     22:59:59     23:59:59     06:59:59     07:59:59      21:59:59      22:59:59     23:59:59
             CLAF5        CLAF1        CLAF2       CLAF3        CLAF4        CLAF5        CLAF1        CLAF2         CLAF3         CLAF4        CLAF5
                 0.984        0.982        0.992       0.992        0.982        0.982        0.974        0.989          0.989        0.974        0.974
                 0.978        0.976        0.986       0.984        0.974        0.976        0.968        0.983          0.981        0.966        0.968
                 0.989        0.988        0.998       0.998        0.988        0.988        0.979        0.995          0.995        0.979        0.979
                 0.986        0.984        0.991       0.987        0.980        0.984        0.977        0.989          0.985        0.973        0.977
                 0.975        0.973        0.982       0.978        0.969        0.973        0.965        0.979          0.975        0.961        0.965
                 0.982        0.980        0.989       0.989        0.980        0.980        0.972        0.986          0.986        0.972        0.972
                 0.987        0.985        0.994       0.994        0.985        0.985        0.977        0.991          0.991        0.977        0.977
                 0.983        0.982        0.993       0.993        0.982        0.982        0.972        0.990          0.990        0.972        0.972
                 0.988        0.987        0.998       0.998        0.987        0.987        0.977        0.995          0.995        0.977        0.977
                 0.966        0.964        0.973       0.968        0.959        0.964        0.956        0.970          0.965        0.952        0.956
                 0.974        0.972        0.981       0.978        0.969        0.972        0.964        0.978          0.975        0.961        0.964
                 0.972        0.971        0.980       0.977        0.968        0.971        0.962        0.978          0.975        0.959        0.962
                 0.963        0.962        0.971       0.965        0.956        0.962        0.954        0.969          0.963        0.948        0.954
                 0.976        0.974        0.983       0.979        0.970        0.974        0.966        0.980          0.976        0.962        0.966
                 0.979        0.978        0.985       0.984        0.977        0.978        0.970        0.983          0.982        0.969        0.970
                 0.975        0.974        0.982       0.982        0.974        0.974        0.966        0.981          0.981        0.966        0.966
                 0.977        0.976        0.984       0.984        0.976        0.976        0.968        0.983          0.983        0.968        0.968
                 0.980        0.979        0.987       0.987        0.979        0.979        0.972        0.985          0.985        0.972        0.972
                 0.996        0.993        1.001       1.000        0.992        0.993        0.985        0.999          0.998        0.984        0.985
                 0.977        0.976        0.985       0.983        0.974        0.976        0.967        0.983          0.981        0.965        0.967
                 0.979        0.978        0.987       0.986        0.977        0.978        0.969        0.985          0.984        0.968        0.969
                 0.965        0.964        0.972       0.968        0.960        0.964        0.956        0.971          0.967        0.953        0.956
                 0.984        0.983        0.994       0.994        0.983        0.983        0.973        0.991          0.991        0.973        0.973
                 0.980        0.979        0.986       0.985        0.978        0.979        0.971        0.984          0.983        0.970        0.971
                 0.977        0.976        0.984       0.983        0.975        0.976        0.968        0.983          0.982        0.967        0.968
                 0.981        0.979        0.989       0.988        0.978        0.979        0.970        0.987          0.986        0.969        0.970
                 0.977        0.976        0.984       0.984        0.976        0.976        0.968        0.983          0.983        0.968        0.968
                 0.975        0.974        0.984       0.981        0.971        0.974        0.965        0.981          0.978        0.962        0.965
                 0.975        0.974        0.982       0.980        0.972        0.974        0.967        0.980          0.978        0.965        0.967
                 0.978        0.976        0.985       0.984        0.975        0.976        0.968        0.982          0.981        0.967        0.968
                 0.989        0.987        0.995       0.995        0.987        0.987        0.979        0.993          0.993        0.979        0.979
                 0.983        0.981        0.989       0.988        0.980        0.981        0.973        0.987          0.986        0.972        0.973
                 0.996        0.994        1.001       1.001        0.994        0.994        0.985        0.998          0.998        0.985        0.985
                 0.983        0.981        0.990       0.989        0.980        0.981        0.973        0.987          0.986        0.972        0.973
                 0.985        0.983        0.992       0.992        0.983        0.983        0.975        0.989          0.989        0.975        0.975
                 0.985        0.983        0.991       0.990        0.982        0.983        0.975        0.989          0.988        0.974        0.975
                 0.970        0.968        0.976       0.973        0.965        0.968        0.960        0.974          0.971        0.957        0.960
                 0.986        0.984        0.993       0.993        0.984        0.984        0.976        0.990          0.990        0.976        0.976
                 0.961        0.959        0.968       0.965        0.956        0.959        0.952        0.965          0.962        0.949        0.952
                 0.985        0.983        0.991       0.990        0.982        0.983        0.975        0.989          0.988        0.974        0.975
0.991   0.989   0.997   0.996   0.988   0.989   0.980   0.994   0.993   0.979   0.980
0.992   0.990   0.998   0.997   0.989   0.990   0.981   0.995   0.994   0.980   0.981
0.984   0.982   0.991   0.991   0.982   0.982   0.972   0.988   0.988   0.972   0.972
0.980   0.978   0.987   0.985   0.976   0.978   0.968   0.984   0.982   0.966   0.968
0.971   0.969   0.978   0.976   0.967   0.969   0.961   0.975   0.973   0.959   0.961
0.971   0.969   0.978   0.977   0.968   0.969   0.961   0.976   0.975   0.960   0.961
0.973   0.971   0.980   0.979   0.970   0.971   0.963   0.978   0.977   0.962   0.963
0.980   0.978   0.987   0.987   0.978   0.978   0.970   0.984   0.984   0.970   0.970
0.998   0.996   1.003   0.996   0.989   0.996   0.988   1.001   0.994   0.981   0.988
1.000   0.998   1.005   1.003   0.996   0.998   0.990   1.003   1.001   0.988   0.990
0.999   0.997   1.004   0.999   0.992   0.997   0.989   1.002   0.997   0.984   0.989
0.982   0.981   0.988   0.988   0.981   0.981   0.973   0.986   0.986   0.973   0.973
0.992   0.989   0.997   0.996   0.988   0.989   0.981   0.994   0.993   0.980   0.981
0.988   0.986   0.995   0.995   0.986   0.986   0.978   0.992   0.992   0.978   0.978
0.999   0.997   1.003   1.003   0.997   0.997   0.990   1.001   1.001   0.990   0.990
0.999   0.997   1.003   1.003   0.997   0.997   0.990   1.001   1.001   0.990   0.990
0.976   0.974   0.983   0.983   0.974   0.974   0.966   0.981   0.981   0.966   0.966
1.000   0.998   1.005   1.005   0.998   0.998   0.990   1.003   1.003   0.990   0.990
1.000   0.998   1.005   1.005   0.998   0.998   0.990   1.003   1.003   0.990   0.990
1.006   1.004   1.012   1.011   1.004   1.004   0.995   1.009   1.009   0.995   0.995
1.033   1.031   1.039   1.073   1.065   1.031   1.023   1.037   1.070   1.056   1.023
                          May 2026                                                          June 2026
00:00:00     07:00:00      08:00:00     22:00:00     23:00:00     00:00:00     07:00:00      08:00:00     22:00:00     23:00:00
06:59:59     07:59:59      21:59:59     22:59:59     23:59:59     06:59:59     07:59:59      21:59:59     22:59:59     23:59:59
 CLAF1        CLAF2         CLAF3        CLAF4        CLAF5        CLAF1        CLAF2         CLAF3        CLAF4        CLAF5
     0.980          0.993       0.993        0.980        0.980        0.978        0.990         0.990        0.978        0.978
     0.980          0.993       0.993        0.980        0.980        0.978        0.990         0.990        0.978        0.978
     0.980          0.993       0.993        0.980        0.980        0.978        0.990         0.990        0.978        0.978
     0.982          0.996       0.996        0.982        0.982        0.980        0.993         0.993        0.980        0.980
     0.978          0.992       0.992        0.978        0.978        0.976        0.989         0.989        0.976        0.976
     0.973          0.987       0.987        0.973        0.973        0.972        0.985         0.985        0.972        0.972
     0.984          0.997       0.997        0.984        0.984        0.982        0.994         0.994        0.982        0.982
     0.984          0.997       0.997        0.984        0.984        0.982        0.994         0.994        0.982        0.982
     0.984          0.997       0.997        0.984        0.984        0.982        0.994         0.994        0.982        0.982
     0.984          0.997       0.997        0.984        0.984        0.982        0.994         0.994        0.982        0.982
     0.984          0.997       0.997        0.984        0.984        0.982        0.994         0.994        0.982        0.982
     0.984          0.997       0.997        0.984        0.984        0.982        0.994         0.994        0.982        0.982
     0.970          0.983       0.983        0.970        0.970        0.969        0.981         0.981        0.969        0.969
     0.963          0.977       0.977        0.963        0.963        0.963        0.975         0.975        0.963        0.963
     0.976          0.976       0.976        0.976        0.976        0.976        0.976         0.976        0.976        0.976
     0.983          0.997       0.997        0.983        0.983        0.982        0.994         0.994        0.982        0.982
     0.988          1.000       1.000        0.988        0.988        0.986        0.997         0.997        0.986        0.986
     0.988          1.002       1.002        0.988        0.988        0.986        0.999         0.999        0.986        0.986
     0.983          0.996       0.996        0.983        0.983        0.981        0.993         0.993        0.981        0.981



                          May 2026                                                          June 2026
00:00:00     07:00:00      08:00:00     22:00:00     23:00:00     00:00:00     07:00:00      08:00:00     22:00:00     23:00:00
06:59:59     07:59:59      21:59:59     22:59:59     23:59:59     06:59:59     07:59:59      21:59:59     22:59:59     23:59:59
 CLAF1        CLAF2         CLAF3        CLAF4        CLAF5        CLAF1        CLAF2         CLAF3        CLAF4        CLAF5
     0.971          0.985       0.985        0.971        0.971        0.970        0.982         0.982        0.970        0.970
     0.965          0.979       0.977        0.963        0.965        0.964        0.976         0.974        0.962        0.964
     0.976          0.990       0.990        0.976        0.976        0.975        0.988         0.988        0.975        0.975
     0.974          0.988       0.984        0.970        0.974        0.973        0.985         0.981        0.969        0.973
     0.962          0.977       0.973        0.958        0.962        0.961        0.975         0.971        0.957        0.961
     0.969          0.984       0.984        0.969        0.969        0.968        0.982         0.982        0.968        0.968
     0.974          0.989       0.989        0.974        0.974        0.973        0.987         0.987        0.973        0.973
     0.969          0.984       0.984        0.969        0.969        0.968        0.981         0.981        0.968        0.968
     0.974          0.989       0.989        0.974        0.974        0.973        0.986         0.986        0.973        0.973
     0.954          0.968       0.963        0.949        0.954        0.953        0.966         0.961        0.948        0.953
     0.961          0.976       0.973        0.958        0.961        0.960        0.974         0.971        0.957        0.960
     0.959          0.974       0.971        0.956        0.959        0.958        0.971         0.968        0.955        0.958
     0.951          0.965       0.959        0.945        0.951        0.950        0.962         0.956        0.944        0.950
     0.963          0.978       0.974        0.959        0.963        0.962        0.976         0.972        0.958        0.962
     0.968          0.980       0.979        0.967        0.968        0.967        0.978         0.977        0.966        0.967
     0.963          0.978       0.978        0.963        0.963        0.963        0.976         0.976        0.963        0.963
     0.965          0.980       0.980        0.965        0.965        0.965        0.978         0.978        0.965        0.965
     0.970          0.984       0.984        0.970        0.970        0.969        0.981         0.981        0.969        0.969
     0.982          0.995       0.994        0.981        0.982        0.980        0.992         0.991        0.979        0.980
     0.964          0.979       0.977        0.962        0.964        0.963        0.976         0.974        0.961        0.963
     0.966          0.981       0.980        0.965        0.966        0.965        0.978         0.977        0.964        0.965
     0.953          0.968       0.964        0.950        0.953        0.953        0.966         0.962        0.950        0.953
     0.970          0.985       0.985        0.970        0.970        0.969        0.982         0.982        0.969        0.969
     0.969          0.983       0.982        0.968        0.969        0.968        0.981         0.980        0.967        0.968
     0.965          0.980       0.979        0.964        0.965        0.965        0.978         0.977        0.964        0.965
     0.968          0.982       0.981        0.967        0.968        0.967        0.979         0.978        0.966        0.967
     0.965          0.980       0.980        0.965        0.965        0.965        0.978         0.978        0.965        0.965
     0.962          0.976       0.973        0.959        0.962        0.961        0.974         0.971        0.958        0.961
     0.965          0.979       0.977        0.963        0.965        0.964        0.976         0.974        0.962        0.964
     0.965          0.980       0.979        0.964        0.965        0.965        0.977         0.976        0.964        0.965
     0.977          0.990       0.990        0.977        0.977        0.976        0.988         0.988        0.976        0.976
     0.971          0.984       0.983        0.970        0.971        0.970        0.982         0.981        0.969        0.970
     0.983          0.995       0.995        0.983        0.983        0.981        0.992         0.992        0.981        0.981
     0.971          0.986       0.985        0.970        0.971        0.970        0.983         0.982        0.969        0.970
     0.973          0.988       0.988        0.973        0.973        0.972        0.985         0.985        0.972        0.972
     0.973          0.986       0.985        0.972        0.973        0.972        0.984         0.983        0.971        0.972
     0.958          0.971       0.968        0.956        0.958        0.957        0.969         0.966        0.955        0.957
     0.974          0.989       0.989        0.974        0.974        0.973        0.986         0.986        0.973        0.973
     0.949          0.963       0.960        0.946        0.949        0.949        0.960         0.957        0.946        0.949
     0.973          0.986       0.985        0.972        0.973        0.972        0.984         0.983        0.971        0.972
0.978   0.991   0.990   0.977   0.978   0.976   0.987   0.986   0.975   0.976
0.979   0.992   0.991   0.978   0.979   0.977   0.988   0.987   0.976   0.977
0.970   0.985   0.985   0.970   0.970   0.969   0.982   0.982   0.969   0.969
0.966   0.981   0.979   0.964   0.966   0.965   0.978   0.976   0.963   0.965
0.959   0.974   0.972   0.957   0.959   0.958   0.971   0.969   0.956   0.958
0.959   0.973   0.972   0.958   0.959   0.958   0.970   0.969   0.957   0.958
0.961   0.975   0.974   0.960   0.961   0.960   0.972   0.971   0.959   0.960
0.967   0.982   0.982   0.967   0.967   0.967   0.979   0.979   0.967   0.967
0.985   0.998   0.991   0.978   0.985   0.983   0.994   0.987   0.976   0.983
0.987   1.000   0.998   0.985   0.987   0.985   0.996   0.994   0.983   0.985
0.986   0.999   0.994   0.981   0.986   0.984   0.995   0.990   0.979   0.984
0.971   0.985   0.985   0.971   0.971   0.970   0.983   0.983   0.970   0.970
0.978   0.991   0.990   0.977   0.978   0.977   0.988   0.987   0.976   0.977
0.976   0.991   0.991   0.976   0.976   0.975   0.988   0.988   0.975   0.975
0.988   1.000   1.000   0.988   0.988   0.986   0.997   0.997   0.986   0.986
0.988   1.000   1.000   0.988   0.988   0.986   0.997   0.997   0.986   0.986
0.964   0.978   0.978   0.964   0.964   0.963   0.975   0.975   0.963   0.963
0.987   1.000   1.000   0.987   0.987   0.985   0.996   0.996   0.985   0.985
0.987   1.000   1.000   0.987   0.987   0.985   0.996   0.996   0.985   0.985
0.993   1.006   1.006   0.993   0.993   0.991   1.003   1.002   0.991   0.991
1.020   1.034   1.067   1.053   1.020   1.019   1.031   1.064   1.052   1.019
                          July 2026                                                          August 2026
00:00:00     07:00:00      08:00:00      22:00:00     23:00:00     00:00:00     07:00:00      08:00:00      22:00:00     23:00:00     00:00:00
06:59:59     07:59:59      21:59:59      22:59:59     23:59:59     06:59:59     07:59:59      21:59:59      22:59:59     23:59:59     06:59:59
 CLAF1        CLAF2         CLAF3         CLAF4        CLAF5        CLAF1        CLAF2         CLAF3         CLAF4        CLAF5        CLAF1
     0.979        0.993          0.993        0.979        0.979        0.978        0.991          0.991        0.978        0.978        0.989
     0.979        0.993          0.993        0.979        0.979        0.978        0.991          0.991        0.978        0.978        0.989
     0.979        0.993          0.993        0.979        0.979        0.978        0.991          0.991        0.978        0.978        0.989
     0.981        0.995          0.995        0.981        0.981        0.980        0.993          0.993        0.980        0.980        0.990
     0.978        0.992          0.992        0.978        0.978        0.977        0.990          0.990        0.977        0.977        0.991
     0.974        0.989          0.989        0.974        0.974        0.973        0.986          0.986        0.973        0.973        0.989
     0.983        0.997          0.997        0.983        0.983        0.982        0.995          0.995        0.982        0.982        0.991
     0.983        0.997          0.997        0.983        0.983        0.982        0.995          0.995        0.982        0.982        0.991
     0.983        0.997          0.997        0.983        0.983        0.982        0.995          0.995        0.982        0.982        0.991
     0.983        0.997          0.997        0.983        0.983        0.982        0.995          0.995        0.982        0.982        0.991
     0.983        0.997          0.997        0.983        0.983        0.982        0.995          0.995        0.982        0.982        0.991
     0.983        0.997          0.997        0.983        0.983        0.982        0.995          0.995        0.982        0.982        0.991
     0.971        0.985          0.985        0.971        0.971        0.971        0.984          0.984        0.971        0.971        0.985
     0.964        0.979          0.979        0.964        0.964        0.965        0.979          0.979        0.965        0.965        0.974
     0.976        0.976          0.976        0.976        0.976        0.976        0.976          0.976        0.976        0.976        0.976
     0.983        0.996          0.996        0.983        0.983        0.982        0.995          0.995        0.982        0.982        0.991
     0.987        0.999          0.999        0.987        0.987        0.986        0.998          0.998        0.986        0.986        0.995
     0.987        1.001          1.001        0.987        0.987        0.986        1.000          1.000        0.986        0.986        0.995
     0.982        0.996          0.996        0.982        0.982        0.981        0.994          0.994        0.981        0.981        0.990



                          July 2026                                                          August 2026
00:00:00     07:00:00      08:00:00      22:00:00     23:00:00     00:00:00     07:00:00      08:00:00      22:00:00     23:00:00     00:00:00
06:59:59     07:59:59      21:59:59      22:59:59     23:59:59     06:59:59     07:59:59      21:59:59      22:59:59     23:59:59     06:59:59
 CLAF1        CLAF2         CLAF3         CLAF4        CLAF5        CLAF1        CLAF2         CLAF3         CLAF4        CLAF5        CLAF1
     0.972        0.987          0.987        0.972        0.972        0.972        0.987          0.987        0.972        0.972        0.986
     0.966        0.981          0.979        0.964        0.966        0.966        0.981          0.979        0.964        0.966        0.980
     0.977        0.992          0.992        0.977        0.977        0.978        0.993          0.993        0.978        0.978        0.985
     0.974        0.987          0.983        0.970        0.974        0.973        0.986          0.982        0.969        0.973        0.982
     0.963        0.978          0.974        0.959        0.963        0.963        0.978          0.974        0.959        0.963        0.972
     0.970        0.985          0.985        0.970        0.970        0.970        0.985          0.985        0.970        0.970        0.979
     0.975        0.990          0.990        0.975        0.975        0.975        0.990          0.990        0.975        0.975        0.984
     0.970        0.985          0.985        0.970        0.970        0.972        0.988          0.988        0.972        0.972        0.979
     0.975        0.990          0.990        0.975        0.975        0.977        0.993          0.993        0.977        0.977        0.984
     0.955        0.969          0.964        0.950        0.955        0.955        0.969          0.964        0.950        0.955        0.963
     0.962        0.977          0.974        0.959        0.962        0.962        0.977          0.974        0.959        0.962        0.971
     0.960        0.976          0.973        0.957        0.960        0.961        0.976          0.973        0.958        0.961        0.973
     0.952        0.967          0.961        0.946        0.952        0.953        0.967          0.961        0.947        0.953        0.964
     0.964        0.979          0.975        0.960        0.964        0.964        0.979          0.975        0.960        0.964        0.973
     0.968        0.982          0.981        0.967        0.968        0.968        0.981          0.980        0.967        0.968        0.984
     0.964        0.980          0.980        0.964        0.964        0.966        0.980          0.980        0.966        0.966        0.973
     0.966        0.982          0.982        0.966        0.966        0.968        0.982          0.982        0.968        0.968        0.975
     0.970        0.985          0.985        0.970        0.970        0.970        0.983          0.983        0.970        0.970        0.984
     0.981        0.993          0.992        0.980        0.981        0.980        0.995          0.994        0.979        0.980        0.991
     0.965        0.981          0.979        0.963        0.965        0.966        0.981          0.979        0.964        0.966        0.978
     0.967        0.983          0.982        0.966        0.967        0.968        0.983          0.982        0.967        0.968        0.980
     0.954        0.970          0.966        0.951        0.954        0.956        0.970          0.966        0.953        0.956        0.963
     0.971        0.986          0.986        0.971        0.971        0.973        0.989          0.989        0.973        0.973        0.980
     0.970        0.985          0.984        0.969        0.970        0.969        0.982          0.981        0.968        0.969        0.985
     0.966        0.982          0.981        0.965        0.966        0.968        0.982          0.981        0.967        0.968        0.975
     0.969        0.983          0.982        0.968        0.969        0.969        0.985          0.984        0.968        0.969        0.981
     0.966        0.982          0.982        0.966        0.966        0.968        0.982          0.982        0.968        0.968        0.975
     0.963        0.978          0.975        0.960        0.963        0.964        0.979          0.976        0.961        0.964        0.971
     0.965        0.980          0.978        0.963        0.965        0.965        0.978          0.976        0.963        0.965        0.979
     0.966        0.981          0.980        0.965        0.966        0.967        0.980          0.979        0.966        0.967        0.976
     0.977        0.991          0.991        0.977        0.977        0.977        0.991          0.991        0.977        0.977        0.986
     0.971        0.985          0.984        0.970        0.971        0.971        0.985          0.984        0.970        0.971        0.980
     0.982        0.995          0.995        0.982        0.982        0.981        0.995          0.995        0.981        0.981        0.991
     0.971        0.986          0.985        0.970        0.971        0.972        0.985          0.984        0.971        0.972        0.980
     0.973        0.988          0.988        0.973        0.973        0.974        0.987          0.987        0.974        0.974        0.982
     0.973        0.987          0.986        0.972        0.973        0.973        0.987          0.986        0.972        0.973        0.982
     0.958        0.972          0.969        0.956        0.958        0.958        0.972          0.969        0.956        0.958        0.967
     0.974        0.989          0.989        0.974        0.974        0.975        0.988          0.988        0.975        0.975        0.983
     0.950        0.964          0.961        0.947        0.950        0.951        0.963          0.960        0.948        0.951        0.959
     0.973        0.987          0.986        0.972        0.973        0.973        0.987          0.986        0.972        0.973        0.982
0.977   0.990   0.989   0.976   0.977   0.976   0.990   0.989   0.975   0.976   0.986
0.978   0.991   0.990   0.977   0.978   0.977   0.991   0.990   0.976   0.977   0.987
0.970   0.986   0.986   0.970   0.970   0.972   0.986   0.986   0.972   0.972   0.979
0.966   0.982   0.980   0.964   0.966   0.968   0.982   0.980   0.966   0.968   0.975
0.959   0.974   0.972   0.957   0.959   0.960   0.973   0.971   0.958   0.960   0.968
0.960   0.974   0.973   0.959   0.960   0.961   0.974   0.973   0.960   0.961   0.970
0.962   0.976   0.975   0.961   0.962   0.963   0.976   0.975   0.962   0.963   0.972
0.968   0.983   0.983   0.968   0.968   0.969   0.982   0.982   0.969   0.969   0.978
0.984   0.997   0.990   0.977   0.984   0.983   0.997   0.990   0.976   0.983   0.993
0.986   0.999   0.997   0.984   0.986   0.985   0.999   0.997   0.983   0.985   0.995
0.985   0.998   0.993   0.980   0.985   0.984   0.998   0.993   0.979   0.984   0.994
0.972   0.987   0.987   0.972   0.972   0.971   0.984   0.984   0.971   0.971   0.987
0.978   0.991   0.990   0.977   0.978   0.977   0.991   0.990   0.976   0.977   0.988
0.976   0.991   0.991   0.976   0.976   0.977   0.990   0.990   0.977   0.977   0.985
0.987   0.999   0.999   0.987   0.987   0.986   0.998   0.998   0.986   0.986   0.995
0.987   0.999   0.999   0.987   0.987   0.986   0.998   0.998   0.986   0.986   0.995
0.965   0.979   0.979   0.965   0.965   0.966   0.979   0.979   0.966   0.966   0.975
0.986   0.999   0.999   0.986   0.986   0.985   0.999   0.999   0.985   0.985   0.995
0.986   0.999   0.999   0.986   0.986   0.985   0.999   0.999   0.985   0.985   0.995
0.992   1.005   1.005   0.992   0.992   0.992   1.005   1.005   0.991   0.992   1.001
1.020   1.033   1.067   1.053   1.020   1.019   1.034   1.067   1.052   1.019   1.029
         September 2026
07:00:00    08:00:00    22:00:00     23:00:00
07:59:59    21:59:59    22:59:59     23:59:59
 CLAF2        CLAF3      CLAF4        CLAF5
     1.000       1.000       0.989        0.989
     1.000       1.000       0.989        0.989
     1.000       1.000       0.989        0.989
     1.002       1.002       0.990        0.990
     1.003       1.003       0.991        0.991
     1.002       1.002       0.989        0.989
     1.003       1.003       0.991        0.991
     1.003       1.003       0.991        0.991
     1.003       1.003       0.991        0.991
     1.003       1.003       0.991        0.991
     1.003       1.003       0.991        0.991
     1.003       1.003       0.991        0.991
     0.998       0.998       0.985        0.985
     0.988       0.988       0.974        0.974
     0.976       0.976       0.976        0.976
     1.003       1.003       0.991        0.991
     1.005       1.005       0.995        0.995
     1.008       1.008       0.995        0.995
     1.002       1.002       0.990        0.990



         September 2026
07:00:00    08:00:00    22:00:00     23:00:00
07:59:59    21:59:59    22:59:59     23:59:59
 CLAF2        CLAF3      CLAF4        CLAF5
     0.999       0.999       0.986        0.986
     0.993       0.991       0.978        0.980
     0.999       0.999       0.985        0.985
     0.994       0.990       0.978        0.982
     0.986       0.982       0.968        0.972
     0.993       0.993       0.979        0.979
     0.998       0.998       0.984        0.984
     0.993       0.993       0.979        0.979
     0.998       0.998       0.984        0.984
     0.977       0.972       0.958        0.963
     0.985       0.982       0.968        0.971
     0.987       0.984       0.970        0.973
     0.978       0.972       0.958        0.964
     0.987       0.983       0.969        0.973
     0.995       0.994       0.983        0.984
     0.988       0.988       0.973        0.973
     0.990       0.990       0.975        0.975
     0.998       0.998       0.984        0.984
     1.002       1.001       0.990        0.991
     0.992       0.990       0.976        0.978
     0.994       0.993       0.979        0.980
     0.978       0.974       0.959        0.963
     0.994       0.994       0.980        0.980
     0.998       0.997       0.984        0.985
     0.990       0.989       0.974        0.975
     0.995       0.994       0.980        0.981
     0.990       0.990       0.975        0.975
     0.985       0.982       0.968        0.971
     0.993       0.991       0.977        0.979
     0.990       0.989       0.975        0.976
     0.998       0.998       0.986        0.986
     0.992       0.991       0.979        0.980
     1.001       1.001       0.991        0.991
     0.994       0.993       0.979        0.980
     0.996       0.996       0.982        0.982
     0.994       0.993       0.981        0.982
     0.979       0.976       0.964        0.967
     0.997       0.997       0.983        0.983
     0.973       0.970       0.956        0.959
     0.994       0.993       0.981        0.982
0.997   0.996   0.985   0.986
0.998   0.997   0.986   0.987
0.994   0.994   0.979   0.979
0.990   0.988   0.973   0.975
0.982   0.980   0.966   0.968
0.983   0.982   0.969   0.970
0.985   0.984   0.971   0.972
0.992   0.992   0.978   0.978
1.004   0.997   0.986   0.993
1.006   1.004   0.993   0.995
1.005   1.000   0.989   0.994
1.000   1.000   0.987   0.987
0.998   0.997   0.987   0.988
0.999   0.999   0.985   0.985
1.005   1.005   0.995   0.995
1.005   1.005   0.995   0.995
0.988   0.988   0.975   0.975
1.006   1.006   0.995   0.995
1.006   1.006   0.995   0.995
1.013   1.012   1.001   1.001
1.041   1.075   1.063   1.029
